20 13
0 0 0 0 0 0 23 24 0 0 0 0 0 0 0 0 0 0 0 0
0 0 0 0 0 0 25 26 27 0 0 0 0 0 0 0 0 0 0 0
0 10 0 0 0 0 28 29 30 0 0 0 0 0 10 0 0 0 0 0
0 0 0 0 10 0 31 32 33 0 0 0 0 0 0 0 0 0 0 0
0 0 0 0 0 0 0 0 0 0 0 0 0 0 0 0 10 0 0 0
0 0 0 0 0 0 0 0 10 0 0 0 0 0 0 0 0 0 0 0
0 10 0 10 0 0 0 0 0 0 0 0 0 0 0 0 0 0 0 0
0 0 0 0 0 0 0 0 0 0 0 0 0 9 0 0 0 0 0 0
0 0 0 0 0 0 0 0 0 0 0 0 0 0 0 0 0 10 0 0
0 0 10 0 0 0 0 0 0 0 0 0 0 0 0 0 0 0 0 0
0 0 0 0 0 0 0 0 0 10 0 0 0 0 0 0 0 0 0 0
0 0 0 0 0 0 0 0 0 0 0 0 0 0 0 10 0 0 10 0
0 0 0 0 0 10 0 0 0 0 0 0 0 0 0 0 0 0 0 0